00000000000222222222000000000000000
00000000222222222222222000000000000
00000022222222222222222220000000000
00002222222222222222222222000000000
00022222222222222222222222200000000
00222222222222222222222222220000000
00222222222222222220222022220000000
02222222222220222202022022222000000
02222222220000002222022000222000000
22220000000000000022022202222200000
22000000000222222202220222022200000
22000022222222222022200222002220000
22002222220000000000000222002220000
22222000000000000000000020222220000
22220000000000000000000020222220000
22200000000000000000000022222220000
22200000000000000000000002200220000
22200000000000000000000000202220000
22200000000000002222222000202220000
22200222222000022000002000222220000
02202200002000000022200000022220000
02200002220000002022020000022220000
02200020220000000000000000022020000
02200000000000000000000000020020000
00200000000000000000000000020020000
00200000000000000000000000020220000
00200000000000020000000000020200000
00220000000000002000000000022200000
00020000000000002000000000222000000
00020000000022220000000000220000000
00022000000000000000000000220000000
00022000000000000002220000220000000
00002000022222222222200000200000000
00002000000222222200000000200000000
00002200000000000000000000200000000
00000200000000000000000002220000000
00000220000000000000000022020000000
00000022000000000000000220022000000
00000002200000000000002200022200000
00000000220000000000222000022200000
00000000022200000022220000222220000
00000000220222222222000002222222000
00000000220002222200000222222222200
00000002222000000000022222222222220
00000222222220000022222222222222222
