00000000000000000000000002222200000000000000000000
00000000000000000000022222222222222000000000000000
00000000000000000222222222222222222222000000000000
00000000000000022222222222222222222222220000000000
00000000000000222222222222222222222222222000000000
00000000000002222222222222222220022222222200000000
00000000000022222222222222220000000022222220000000
00000000000022222222222222200000000002222222000000
00000000000002222222222222000000000000222222200000
00000000000000022222222220000000000000022222220000
00000000000000000222222220000000000000022222222000
00000000000000000022222220000000000000022222222000
00002200000000000022222200000000000000002222222200
00022220000000000022222200000000000000002222222200
00022220000000000022222200000000000000002222222220
00222220000000000022222000000000000000002222222220
00222220000000000022222000000000000000000222222222
02222222000000000022222000000000000000000222222222
02222222200000000222222000000000000000000222222222
02222222222000002222222000000000000000000222222222
02222222222222222222222200000000000000002222222220
22222222222222222222222200000000000000002222222200
22222222222222222222222200000000000000002222222000
22222222222222222222222220000000000000022222220000
22222222222222222222222220000000000000022222200000
22222222220000000022222222000000000000222222000000
22222222200000000000222222200000000002222220000000
22222222000000000000022222220000000022222200000000
22222222000000000000022222222000000222222200000000
22222220000000000000002222222220022222222000000000
22222220000000000000002222222222222222222000000000
02222220000000000000002222222222222222222000000000
02222220000000000000022222222222222222220000000000
02222220000000220000222222222222222222220000000000
00222220000002222002222222222222222222220000000000
00222220000022222222222222222222222222222000000000
00022222000022222222222222000002222222222000000000
00022222000022222222222220000000222222222000000000
00002222000002222222222200000000022222222200000000
00002222200002222222222200000000002222222220000000
00000222200002222222222200000000000222222222000000
00000022220000222222222000000000000022222222200000
00000022220000222222222000000000000002222222220000
00000002222000022222220000000000000002222222220000
00000000220000002222200000000000000000222222200000
