00000000000000000000000000000000000020000000000000000000000000000000000000000000000000000000000
00000000000000000000000000000000000020000000000020000000000000000000000000000000000000000000000
00000000000000000000000000000000000220000000000220000000000000000000000000000000000000000000000
00000000000000000000000000000000002200000000022200000002000000000000000000000000000000000000000
00000000000000000000000000000000002200000000220000000002000000000000000022222222222200000000000
00000000000000000000000000000000022200000002200000000022000000000220022222222222222222200000000
00220000000000000000000000000000222000000002200000002220000000222200222222222222222222220000000
02222000000000000000000000000000222000000002200000022000000022200002222222222222222222222000000
22222220000000000000000000000000022200000002200000022000000020000002222222222222222222222220000
22000000000000000000000000000000022200000002222000022000000220000002222222222222222222220022000
22000000000000000000000000000000002222000000222200022000000220000002222000222222222222222202200
22200000000000000000000000000000000222222000222220002220000220000002222000222222222222200220220
22200000000000000000000000000000000000222220000222222222000220000000222000000222222220000002020
22200000000000000000000000000000000000000222222222222222222222000000222000000000000000000000000
22220000000000000000000000000000000000000222222222222222222222200002222000000000000000000000000
22220000000000000000000000000000000000022222222222222222222222220022222000000000000000000000000
02222000000000000000000000000000022222222222222222222222222222222222222000000000000000000000000
02222200000000000000000000000222222222222222222222222222222222222222222000000000000000000000000
00222220000000000000000000022222222222222222222222222222222222222222220000000000000000000000000
00022222200000000000000000222222222222222222222222222222222222222222200000000000000000000000000
00002222222220000000022222222222222222222222222222222222222222222222220000000000000000000000000
00000222222222222222222222222222222222222222222222222222222222222222220000000000000000000000000
00000002222222222222222222222222222222222222222222222222222222222222220000000000000000000000000
00000000222222222222222222222222222222222222222222222222222222222222200000000000000000000000000
00000000000022222222222222222222222222222222222222222222222222222222220000000000000000000000000
00000000000002222222222222222222222222222222222222222222222222222222222000000000000000000000000
00000000000000000000000022222222222222222222222222222222222222222222222000000000000000000000000
00000000000000000000000000022222222222222222222222222222222222222222222000000000000000000000000
00000000000000000000000000000222222222222222222222222222222222220022222000000000000000000000000
00000000000000000000000000000000022222222222222222222222222222200000222200000000000000000000000
00000000000000000000000000000000000222222222222222222222222222000000222200000000000000000000000
00000000000000000000000000000002222222222222222222222222222220000002222200000022222222000000000
00000000000000000000000000000022222200222222222222222222002200000002222200000222222222200000000
00000000000000000000000000000022200000000222220002222000002200000002222200002222222222222000200
00000000000000000000000000000222000000000222200002222000002200000022222200022222222222222222202
00000000000000000000000000000220000000000222000002220000002200000022222200022222222222222222202
00000000000000000000000000000220000000000222000002220000002200000002222222222222222222222220022
00000000000000000000000000000200000000000222000000220000000220000000222222222222222222222002220
00000000000000000000000000000200000000000220000000022000000022000000022222222222222222222222200
00000000000000000000000000000200000000000222000000002220000002220000022222222222222222222222000
00000000000000000000000000000200000000000022200000000022200000022000000222222222222222222200000
00000000000000000000000000000200000000000000220000000000200000002000000022222222222222222000000
00000000000000000000000000002200000000000000022200000000220000002000000000000222222222200000000
00000000000000000000000000022000000000000000000200000000020000000000000000000000000000000000000
00000000000000000000000000020000000000000000000000000000000000000000000000000000000000000000000
