22222222222222222222222222222222222200222
22222222222222222222222222222222000000022
22222222222222222222222222222200000000002
22222222222222222222222222220000222200000
22222222222222222222222222200022200220000
22222222222222222222222220002220000220020
22222222222222222222222200022000002220020
22222222222222222222222000220000002200020
22222222222222222222220002200000022200220
22222222222222222222220022000000222002220
22222222222222222222200220000022220002220
22222222222222222222200220000222200022220
22222222222222222222000200002222000222200
22222222222222222222002200222220002222000
22222222222222222222002222222000222220002
22222222222222222000002222200002222200022
22222222222222200000222222000022222000222
22222222222220000222222200002222220002222
22222222222000022222222000022222000022222
22222222220000222222220002222220000222222
22222222000022220002220022222220022222222
22222220002222000002200000222220022222222
22222200022000000002200000022222002222222
22222200220022200022222220002222000222222
22222200200220002222222222000222200222222
22222002202200222222002222000222200222222
22222002002202202220002220000222200222222
22222002022002002200022220002222000222222
22222002022000022200022200022222002222222
22222002002200222000222000022222002222222
22222002000222220002220000222220022222222
22222002200022200022200022222200022222222
22200000220222222220000222222200222222222
22000000002222222200002222222000222222222
20002220000220000000222222220002222222222
20022220002200000222222222000022222222222
00022200022000222222222220000222222222222
00020000220002222222222000002222222222222
00002222200022222222200000222222222222222
00000000000222222200000022222222222222222
00220000222222220000002222222222222222222
20022222222222200002222222222222222222222
20022222222222000022222222222222222222222
22002222222220002222222222222222222222222
22000222220000022222222222222222222222222
